0.016722726821899413
0.016364669799804686
0.016347360610961915
0.016380882263183592
0.016393280029296874
0.016458463668823243
0.0164309024810791
0.015666866302490236
0.01627798080444336
0.017146492004394533
0.01915459632873535
0.023130226135253906
0.029355716705322266
0.04372649192810059
0.07133407592773437
0.11035294532775879
0.17984676361083984
0.35561652183532716
0.698828649520874
1.4124191761016847
2.9219738960266115
5.675884342193603
11.380377292633057
23.079910707473754
45.996897029876706
93.79321632385253
187.35945506095885
382.58516330718993
758.583139371872
1516.8010625839233
3131.429732322693
